# obselete data: I used this data only for understanding purpose. I purged higher values to visualize lower values in a better way:


CO <- c(3.39,0.73,2.57,4.57,0.68,2.23)  
FHMM<- c(3.72,0.55,0.61,4.79,0.58,2.30) 
LBM <- c(1.74,0.40,0.52,2.63,0.93,1.02)
SSHMM <- c(1.09,0.36,0.68,1.17,0.69,1.81) 
GSP <- c(4.08,1.32,3.67,2.54,0.80,3.08)
Appliance <- c(1,2,3,4,5,6)
Approach <- rep('Noisy',6)
Result_type <- rep('ANE',6)
Home <- rep(10,6)
df_10_ane_noisy <- data.frame(Home,Appliance,Approach,Result_type,CO,FHMM,LBM,SSHMM,GSP)
#plot_ane(df_10_ane_noisy,'df_10_ane_noisy.pdf')

CO <- c(5.96,2.81,2.59,1.01,1.34,3.20)  
FHMM<- c(4.62,1.98,2.18,0.71,1.72,3.44) 
LBM <- c(5.35,5.94,6.02,0.81,0.84,3.16)
SSHMM <- c(1,0.74,1,0.50,0.52,1.03) 
GSP <- c(6.1,4.48,5.50,1.67,0.77,4.50)
Appliance <- c(1,2,3,4,5,6)
Approach <- rep('Noisy',6)
Result_type <- rep('ANE',6)
Home <- rep(20,6)
df_20_ane_noisy <- data.frame(Home,Appliance,Approach,Result_type,CO,FHMM,LBM,SSHMM,GSP)
#plot_ane(df_20_ane_noisy,'df_20_ane_noisy.pdf')

CO <- c(4.68,0.69,2.23,3.15,0.99,5.57)  
FHMM<- c(4.72,0.26,2.31,3.09,0.99,3.44)
LBM <- c(2.46,0.19,1,1.29,0.96,3.85)
SSHMM <- c(1.01,0.21,1.04,1.32,0.95,2.05) 
GSP <- c(6.51,0.92,2.48,3.45,1.32,3.91)
Appliance <- c(1,2,3,4,5,6)
Approach <- rep('Noisy',6)
Result_type <- rep('ANE',6)
Home <- rep(16,6)
df_16_ane_noisy <- data.frame(Home,Appliance,Approach,Result_type,CO,FHMM,LBM,SSHMM,GSP)
#plot_ane(df_16_ane_noisy,'df_16_ane_noisy.pdf')
# I switched appliance order for home 18 and 1 as noted on notebook table
# CO <- c(5.75,0.90,1.24,1.53,1.26,2.15)  
# FHMM<- c(5.75,0.76,0.83,1.82,0.69,2.07) 
# LBM <- c(13.74,0.50,0.84,0.59,0.85,1.40)
CO <- c(4.75,0.90,1.24,1.53,1.26,2.15)  
FHMM<- c(4.75,0.76,0.83,1.82,0.69,2.07) 
LBM <- c(5.4,0.50,0.84,0.59,0.85,1.40)
SSHMM <- c(1.04,0.59,0.64,0.46,0.62,1.32) 
GSP <- c(4.9,3.73,1.12,1.60,1.69,4.1)
Appliance <- c(1,2,3,4,5,6)
Approach <- rep('Noisy',6)
Result_type <- rep('ANE',6)
Home <- rep(18,6)
df_18_ane_noisy <- data.frame(Home,Appliance,Approach,Result_type,CO,FHMM,LBM,SSHMM,GSP)


# CO <- c(10.79,7.35,1.86,4.32,0.96,2.02)  
# FHMM<- c(14.04,7.65,4.40,1.82,1.01,1.40) 
# LBM <- c(7.10,3.98,3.90,1.33,2.19,1.11)
CO <- c(4.79,4.35,1.86,4.32,0.96,2.02)  
FHMM<- c(5.5,4.65,4.40,1.82,1.01,1.40) 
LBM <- c(4.10,3.98,3.90,1.33,2.19,1.11)
SSHMM <- c(1.01,1,1.36,1.17,0.59,1) 
GSP <- c(6,5.16,3.66,2.74,1.39,1.33)
Appliance <- c(1,2,3,4,5,6)
Approach <- rep('Noisy',6)
Result_type <- rep('ANE',6)
Home <- rep(1,6)
df_1_ane_noisy <- data.frame(Home,Appliance,Approach,Result_type,CO,FHMM,LBM,SSHMM,GSP)